2:101	101	5	2.0
3:101	101	5	2.0
1:101	101	5	5.0
5:101	101	5	4.0
4:101	101	5	5.0
5:101	102	3	3.0
1:101	102	3	3.0
2:101	102	3	2.5
2:101	103	4	5.0
1:101	103	4	2.5
4:101	103	4	3.0
5:101	103	4	2.0
4:101	104	4	4.5
5:101	104	4	4.0
2:101	104	4	2.0
3:101	104	4	4.0
3:101	105	2	4.5
5:101	105	2	3.5
4:101	106	2	4.0
5:101	106	2	4.0
3:101	107	1	5.0
1:102	101	3	5.0
2:102	101	3	2.0
5:102	101	3	4.0
5:102	102	3	3.0
1:102	102	3	3.0
2:102	102	3	2.5
1:102	103	3	2.5
2:102	103	3	5.0
5:102	103	3	2.0
5:102	104	2	4.0
2:102	104	2	2.0
5:102	105	1	3.5
5:102	106	1	4.0
5:103	101	4	4.0
4:103	101	4	5.0
2:103	101	4	2.0
1:103	101	4	5.0
2:103	102	3	2.5
1:103	102	3	3.0
5:103	102	3	3.0
4:103	103	4	3.0
5:103	103	4	2.0
2:103	103	4	5.0
1:103	103	4	2.5
2:103	104	3	2.0
4:103	104	3	4.5
5:103	104	3	4.0
5:103	105	1	3.5
4:103	106	2	4.0
5:103	106	2	4.0
5:104	101	4	4.0
4:104	101	4	5.0
3:104	101	4	2.0
2:104	101	4	2.0
1:104	101	4	5.0
1:104	102	2	3.0
2:104	102	2	2.5
5:104	102	2	3.0
4:104	103	3	3.0
5:104	103	3	2.0
1:104	103	3	2.5
2:104	103	3	5.0
3:104	104	4	4.0
1:104	104	4	NAN
2:104	104	4	2.0
4:104	104	4	4.5
5:104	104	4	4.0
5:104	105	2	3.5
3:104	105	2	4.5
4:104	106	2	4.0
5:104	106	2	4.0
3:104	107	1	5.0
3:105	101	2	2.0
5:105	101	2	4.0
5:105	102	1	3.0
5:105	103	1	2.0
5:105	104	2	4.0
3:105	104	2	4.0
3:105	105	2	4.5
5:105	105	2	3.5
5:105	106	1	4.0
3:105	107	1	5.0
5:106	101	2	4.0
4:106	101	2	5.0
5:106	102	1	3.0
5:106	103	2	2.0
4:106	103	2	3.0
4:106	104	2	4.5
5:106	104	2	4.0
5:106	105	1	3.5
5:106	106	2	4.0
4:106	106	2	4.0
3:107	101	1	2.0
3:107	104	1	4.0
3:107	105	1	4.5
3:107	107	1	5.0
